Enter file contents here
 
1  walking	                		 -0.22784657		-0.28965964		-0.96473609		-0.96174491		-0.98298973
2  walking_upstairs		-0.23040914		-0.21268084		-0.97082845		-0.88191104		-0.98389235
3  walking_down_stairs	-0.94399265		-0.23136822		-0.42971628		-0.45431049		-0.98897461
4  sitting			-0.87771787		-0.21150281		-0.31308087		-0.44756206		-0.98223589
5  standing		-0.95078066		-0.93471411		-0.41828306		-0.37385288		-0.97169232
6   lying			-0.95550048		-0.94117375		-0.59095924		-0.29150437		-0.97376693
7   walking		-0.96055849		-0.95049367		-0.9468444		-0.40062728		-0.69329662
8   walking_upstairs		-0.97340761		-0.96739461		-0.91277225		-0.32917696		-0.58112151
9   walking_down_stairs	-0.93696453		-0.96093323		-0.94822488		-0.557065575		-0.5504361
10  sitting			-0.29831591		-0.96950846		-0.97413505		-0.88085067		-0.53055671
11  standing		-0.89468627		-0.96814072		-0.97568945		-0.9175369		-0.70420043
12  lying			-0.96864513		-0.84750919		-0.97033044		-0.88970511		-0.76060605
13  walking		-0.95116793		-0.8282847		-0.97351915		-0.93133463		-0.7351729
14  walking_upstairs		-0.93439987		-0.78231125		-0.98576936		-0.96450279		-0.75678538
15  walking_down_stairs	-0.35325504		-0.580663165		-0.98422241		-0.93064863		-0.95929449
16  sitting			-0.26827074		-0.58400962		-0.970994515		-0.96248643		-0.97999558
17  standing		-0.24808455		-0.22764641		-0.96167716		-0.949509        		-0.97126862
18  lying			-0.89220977		-0.25173931		-0.95876208		-0.96474192		-0.97846459
19  walking		-0.65083952		-0.15177758		-0.98019534		-0.82562214		-0.98173253
20  walking_upstairs		-0.93409662		-0.1562513		-0.98257763		-0.61933446		-0.98988919
21  walking_down_stairs	-0.84396458		-0.24213817		-0.41779432		-0.47337107		-0.98174865
22  sitting			-0.84587279		-0.31099514		-0.42146276		-0.45666458		-0.97974999
23  standing		-0.93275728		-0.86640139		-0.50538152		-0.29976651		-0.91862645
24  lying			-0.93520871		-0.959118715		-0.94103172		-0.33337994		-0.71824462
25  walking		-0.65495993		-0.96397769		-0.95418506		-0.64345946		-0.64698464
26  walking_upstairs		-0.3321678		-0.95890093		-0.97071455		-0.92567149		-0.77873157
27  walking_down_stair	-0.22892056		-0.93955324		-0.96062338		-0.96114399		-0.97379117
28  sitting			-0.17640348		-0.9432426		-0.92113161		-0.94994542		-0.96073735
29  standing		-0.21970599		-0.22646038		-0.67835445		-0.9574142		-0.97675882
30  lying			-0.94117375		-0.27202983		-0.48901912		-0.92348562		-0.95068162
